
output_data = [ ...
 0.00000   1.00000   1.00000   1.00000   1.00000  ;
 0.02500   1.00000   1.00000   1.00000   1.00000  ;
 0.05750   1.00000   1.00000   1.00000   1.00000  ;
 0.09975   1.00000   1.00000   1.00000   1.00000  ;
 0.15468   1.00000   1.00000   1.00000   1.00000  ;
 0.22608   1.00000   1.00000   1.00000   1.00000  ;
 0.31890   1.00000   1.00000   1.00000   1.00000  ;
 0.43957   1.00000   1.00000   1.00000   1.00000  ;
 0.56457   1.00000   1.00000   1.00000   1.00000  ;
 0.68957   1.00000   1.00000   1.00000   1.00000  ;
 0.81457   1.00000   1.00000   1.00000   1.00000  ;
 0.93957   1.00000   1.00000   1.00000   1.00000  ;
 1.00000   1.00000   1.00000   1.00000   1.00000  ;
 1.00000   1.00000   1.00000   1.00000   1.00000  ;
 1.05000   1.00061   1.00161   1.00132   1.00078  ;
 1.05000   1.00061   1.00161   1.00132   1.00078  ;
 1.05325   1.00063   1.00161   1.00134   1.00080  ;
 1.05575   1.00064   1.00162   1.00136   1.00082  ;
 1.05900   1.00065   1.00163   1.00138   1.00084  ;
 1.06322   1.00066   1.00164   1.00141   1.00086  ;
 1.06872   1.00068   1.00165   1.00144   1.00089  ;
 1.07586   1.00070   1.00167   1.00148   1.00093  ;
 1.08514   1.00073   1.00169   1.00152   1.00097  ;
 1.09721   1.00077   1.00171   1.00157   1.00101  ;
 1.11289   1.00081   1.00173   1.00163   1.00106  ;
 1.13329   1.00087   1.00175   1.00169   1.00111  ;
 1.15980   1.00094   1.00176   1.00176   1.00117  ;
 1.19426   1.00105   1.00178   1.00183   1.00123  ;
 1.23907   1.00119   1.00179   1.00190   1.00130  ;
 1.29731   1.00139   1.00179   1.00197   1.00139  ;
 1.37303   1.00166   1.00179   1.00201   1.00150  ;
 1.47147   1.00197   1.00182   1.00201   1.00169  ;
 1.59647   1.00228   1.00188   1.00195   1.00199  ;
 1.72147   1.00245   1.00196   1.00187   1.00232  ;
 1.84647   1.00253   1.00203   1.00183   1.00262  ;
 1.97147   1.00255   1.00208   1.00186   1.00280  ;
 2.09647   1.00256   1.00210   1.00196   1.00283  ;
 2.22147   1.00256   1.00212   1.00211   1.00270  ;
 2.34647   1.00253   1.00218   1.00227   1.00248  ;
 2.47147   1.00243   1.00228   1.00240   1.00225  ;
 2.59647   1.00226   1.00241   1.00249   1.00206  ;
 2.72147   1.00207   1.00252   1.00254   1.00196  ;
 2.84647   1.00192   1.00259   1.00256   1.00194  ;
 2.97147   1.00188   1.00260   1.00256   1.00198  ;
 3.09647   1.00196   1.00255   1.00256   1.00206  ;
 3.22147   1.00215   1.00248   1.00254   1.00218  ;
 3.34647   1.00239   1.00241   1.00250   1.00234  ;
 3.47147   1.00262   1.00238   1.00244   1.00253  ;
 3.59647   1.00280   1.00238   1.00238   1.00272  ;
 3.72147   1.00290   1.00241   1.00235   1.00290  ;
 3.84647   1.00294   1.00246   1.00235   1.00301  ;
 3.97147   1.00292   1.00250   1.00239   1.00303  ;
 4.09647   1.00287   1.00255   1.00249   1.00296  ;
 4.22147   1.00279   1.00261   1.00260   1.00282  ;
 4.34647   1.00269   1.00267   1.00272   1.00265  ;
 4.47147   1.00258   1.00274   1.00281   1.00249  ;
 4.59647   1.00247   1.00281   1.00287   1.00239  ;
 4.72147   1.00239   1.00285   1.00289   1.00235  ;
 4.84647   1.00237   1.00287   1.00288   1.00237  ;
 4.97147   1.00242   1.00286   1.00286   1.00245  ;
 5.09647   1.00254   1.00282   1.00283   1.00257  ;
 5.22147   1.00271   1.00277   1.00279   1.00272  ;
 5.34647   1.00289   1.00274   1.00276   1.00288  ;
 5.47147   1.00304   1.00272   1.00273   1.00302  ;
 5.59647   1.00315   1.00273   1.00271   1.00314  ;
 5.72147   1.00319   1.00277   1.00272   1.00321  ;
 5.84647   1.00318   1.00282   1.00275   1.00323  ;
 5.97147   1.00313   1.00287   1.00282   1.00318  ;
 6.09647   1.00305   1.00293   1.00290   1.00308  ;
 6.22147   1.00296   1.00299   1.00299   1.00295  ;
 6.34647   1.00286   1.00303   1.00307   1.00283  ;
 6.47147   1.00279   1.00307   1.00312   1.00274  ;
 6.59647   1.00274   1.00310   1.00315   1.00270  ;
 6.72147   1.00274   1.00311   1.00315   1.00272  ;
 6.84647   1.00279   1.00310   1.00312   1.00279  ;
 6.97147   1.00288   1.00308   1.00309   1.00289  ;
 7.09647   1.00300   1.00306   1.00306   1.00302  ;
 7.22147   1.00314   1.00303   1.00303   1.00315  ;
 7.34647   1.00326   1.00302   1.00301   1.00327  ;
 7.47147   1.00335   1.00302   1.00300   1.00335  ;
 7.59647   1.00339   1.00304   1.00302   1.00340  ;
 7.72147   1.00339   1.00308   1.00305   1.00340  ;
 7.84647   1.00334   1.00313   1.00310   1.00336  ;
 7.97147   1.00327   1.00318   1.00316   1.00329  ;
 8.09647   1.00319   1.00323   1.00323   1.00319  ;
 8.22147   1.00312   1.00327   1.00329   1.00310  ;
 8.34647   1.00306   1.00330   1.00333   1.00304  ;
 8.47147   1.00303   1.00332   1.00336   1.00300  ;
 8.59647   1.00304   1.00332   1.00336   1.00302  ;
 8.72147   1.00308   1.00332   1.00334   1.00307  ;
 8.84647   1.00316   1.00330   1.00331   1.00316  ;
 8.97147   1.00325   1.00329   1.00329   1.00327  ;
 9.09647   1.00336   1.00327   1.00326   1.00337  ;
 9.22147   1.00345   1.00326   1.00325   1.00346  ;
 9.34647   1.00352   1.00327   1.00325   1.00353  ;
 9.47147   1.00356   1.00328   1.00326   1.00357  ;
 9.59647   1.00355   1.00331   1.00329   1.00356  ;
 9.72147   1.00352   1.00335   1.00333   1.00353  ;
 9.84647   1.00346   1.00340   1.00338   1.00347  ;
 9.97147   1.00340   1.00344   1.00343   1.00340  ;
10.09647   1.00334   1.00347   1.00348   1.00333  ;
10.22147   1.00329   1.00350   1.00352   1.00328  ;
10.34647   1.00328   1.00351   1.00353   1.00326  ;
10.47147   1.00329   1.00351   1.00354   1.00327  ;
10.59647   1.00332   1.00350   1.00352   1.00331  ;
10.72147   1.00339   1.00349   1.00350   1.00338  ;
10.84647   1.00346   1.00348   1.00348   1.00347  ;
10.97147   1.00354   1.00347   1.00346   1.00356  ;
11.09647   1.00362   1.00346   1.00345   1.00363  ;
11.22147   1.00367   1.00347   1.00345   1.00368  ;
11.34647   1.00370   1.00348   1.00346   1.00371  ;
11.47147   1.00370   1.00351   1.00349   1.00370  ;
11.59647   1.00367   1.00354   1.00353   1.00367  ;
11.72147   1.00362   1.00357   1.00357   1.00362  ;
11.84647   1.00357   1.00361   1.00361   1.00357  ;
11.97147   1.00352   1.00364   1.00364   1.00352  ;
12.09647   1.00349   1.00365   1.00367   1.00348  ;
12.22147   1.00348   1.00366   1.00368   1.00346  ;
12.34647   1.00349   1.00367   1.00369   1.00348  ;
12.47147   1.00352   1.00366   1.00368   1.00351  ;
12.59647   1.00357   1.00365   1.00366   1.00357  ;
12.72147   1.00364   1.00364   1.00364   1.00364  ;
12.84647   1.00370   1.00363   1.00363   1.00371  ;
12.97147   1.00376   1.00363   1.00362   1.00377  ;
13.09647   1.00380   1.00364   1.00362   1.00381  ;
13.22147   1.00382   1.00365   1.00363   1.00383  ;
13.34647   1.00382   1.00367   1.00366   1.00382  ;
13.47147   1.00379   1.00370   1.00369   1.00380  ;
13.59647   1.00376   1.00372   1.00372   1.00376  ;
13.72147   1.00372   1.00375   1.00375   1.00371  ;
13.84647   1.00368   1.00377   1.00378   1.00367  ;
13.97147   1.00365   1.00379   1.00380   1.00365  ;
14.09647   1.00365   1.00380   1.00381   1.00364  ;
14.22147   1.00366   1.00380   1.00381   1.00365  ;
14.34647   1.00369   1.00379   1.00380   1.00368  ;
14.47147   1.00373   1.00379   1.00379   1.00373  ;
14.59647   1.00378   1.00378   1.00378   1.00378  ;
14.72147   1.00383   1.00377   1.00377   1.00384  ;
14.84647   1.00388   1.00377   1.00376   1.00388  ;
14.97147   1.00391   1.00378   1.00376   1.00392  ;
15.09647   1.00392   1.00379   1.00378   1.00393  ;
15.22147   1.00392   1.00381   1.00379   1.00392  ;
15.34647   1.00390   1.00383   1.00382   1.00390  ;
15.47147   1.00387   1.00385   1.00385   1.00387  ;
15.59647   1.00384   1.00387   1.00387   1.00384  ;
15.72147   1.00381   1.00389   1.00389   1.00380  ;
15.84647   1.00379   1.00390   1.00391   1.00378  ;
15.97147   1.00379   1.00391   1.00392   1.00378  ;
16.09647   1.00380   1.00391   1.00392   1.00379  ;
16.22147   1.00382   1.00390   1.00391   1.00382  ;
16.34647   1.00386   1.00390   1.00390   1.00386  ;
16.47147   1.00390   1.00389   1.00389   1.00390  ;
16.59647   1.00394   1.00389   1.00388   1.00394  ;
